test_100
100 points: facilities and clients


Coordinates of points in Euclidean plane and weight
	x		y		r

0	    33.955	  45.064	5
1	    14.991	  95.466	4
2	    42.754	  50.043	9
3	    95.832	   8.707	3
4	     1.682	  82.607	10
5	     9.697	  18.237	6
6	    61.970	  80.349	1
7	    62.735	  79.744	9
8	    38.097	  79.635	8
9	    21.561	   9.045	7
10	    89.595	  99.394	2
11	    95.483	  61.436	5
12	    91.860	  74.936	8
13	    92.618	  22.409	5
14	    19.497	  36.934	7
15	    28.794	  95.996	4
16	    38.675	  12.402	2
17	     7.350	  73.667	6
18	    12.499	  17.982	9
19	    24.367	  70.804	10
20	    83.128	  30.951	6
21	    54.039	  25.660	9
22	    90.164	  61.176	2
23	    82.989	  86.702	5
24	    19.884	  50.766	8
25	    91.918	  44.635	3
26	    65.511	  66.077	4
27	    39.292	  88.357	5
28	    62.792	  97.118	6
29	    72.208	  10.983	1
30	    74.803	  25.931	2
31	    77.232	  84.193	4
32	    93.214	   3.326	7
33	    77.187	  13.749	5
34	    23.496	  44.518	10
35	    44.480	  22.814	2
36	    96.890	  15.538	8
37	    68.379	  83.794	4
38	    97.425	  52.116	10
39	    80.123	  28.271	4
40	    62.749	  30.197	2
41	    37.764	  38.367	5
42	    39.936	  28.092	6
43	    53.670	  76.614	8
44	    53.765	  26.191	2
45	    74.688	  40.672	7
46	    55.898	  54.481	1
47	    92.159	  67.783	2
48	    88.216	  98.836	10
49	    93.608	  33.393	6
50	    33.211	  97.175	2
51	    15.496	  79.050	10
52	    59.704	  72.270	8
53	    32.416	  36.939	7
54	    11.579	  86.601	1
55	    68.068	  40.673	8
56	    46.183	  71.822	2
57	    43.020	  81.800	9
58	    26.461	  39.630	9
59	    59.029	  52.069	9
60	    99.480	  76.141	10
61	    32.065	  37.992	1
62	    42.793	  71.783	6
63	     2.424	  36.066	7
64	    92.423	  82.553	5
65	    19.563	  17.662	5
66	    46.799	  43.125	3
67	    32.123	  44.300	6
68	     5.942	  54.058	3
69	    24.697	  57.983	1
70	    97.164	  44.398	4
71	    97.575	  56.932	7
72	     8.650	  95.608	7
73	    70.814	  27.701	9
74	    38.240	  88.623	3
75	    81.565	  88.232	10
76	    64.920	  31.539	5
77	    48.075	  23.419	8
78	    30.020	  61.057	5
79	    75.476	  70.322	9
80	     4.909	  27.784	8
81	    19.424	  98.916	2
82	    75.300	  12.837	9
83	    70.311	  22.686	7
84	    78.308	  62.400	9
85	     6.376	  29.388	9
86	    38.449	  25.395	4
87	    53.755	  36.320	5
88	    90.657	  72.495	2
89	    89.461	  46.750	9
90	    38.977	  53.650	7
91	    48.496	  48.249	4
92	    42.444	   1.079	6
93	    76.333	  47.474	3
94	    44.559	  15.123	3
95	    48.498	  80.498	7
96	    34.033	  82.975	4
97	    51.001	   9.153	2
98	    37.470	  93.726	2
99	    65.732	  21.214	3
